MEMORY
  total            13.2 MB
  struct          159.0 KB
  buffer           31.5 KB
  arena            13.0 MB, used 0.3%

SIZES
  narena                13631488
  nbuffer               32288
  nplugin               0
  maxuse_stack          12304
  maxuse_arena          39888
  maxuse_con            20
  maxuse_efc            80
  solver_nisland        1
  ncon                  12
  ne                    0
  nf                    0
  nl                    0
  nefc                  48
  nJ                    288
  nA                    0
  nisland               0
  threadpool            0

TIMER
    0:  duration =  0.036      number = 1
    1:  duration =  0.035      number = 4
    2:  duration =  0          number = 0
    3:  duration =  0.022      number = 4
    4:  duration =  0.0021     number = 4
    5:  duration =  0.0003     number = 4
    6:  duration =  0.0097     number = 4
    7:  duration =  0          number = 0
    8:  duration =  0.0034     number = 4
    9:  duration =  0.0003     number = 4
    10:  duration =  0.011      number = 4
    11:  duration =  0.0059     number = 4
    12:  duration =  0.0001     number = 4
    13:  duration =  0.0019     number = 4
    14:  duration =  0.0078     number = 4

SOLVER STAT
  solver_nisland = 1
  solver_fwdinv =   0         0       
  ISLAND 0
    solver_niter = 1
    solver_nnz = 36
      0:  improvement =  0.029       gradient =  2.2e-15     lineslope =  0       
          nactive = 48   nchange = 0   neval = 2   nupdate = 0

ENERGY =   0         0       

TIME =  6.8e+02 

QPOS
  -2.9e-05 
   4.2e-05 
   0.012   
   1       
   5.5e-06 
   0.00014 
   7.4e-05 

QVEL
   2.1e-05 
  -2e-05   
  -7.2e-05 
   0.0017  
   0.0017  
   1.6e-06 

QACC_WARMSTART
   0.0026  
  -0.0025  
  -0.0091  
   0.21    
   0.22    
   0.00042 

CTRL
   0       
   0       
   0       
   0       

QFRC_APPLIED
   0       
   0       
   0       
   0       
   0       
   0       

XFRC_APPLIED
   0         0         0         0         0         0       
   0         0         0         0         0         0       

QACC
   0.0026  
  -0.0025  
  -0.0091  
   0.21    
   0.22    
   0.00042 

SENSOR
   0.00012 
   0.00012 
   1.2e-06 
   0.0071  
  -0.0094  
   9.8     
   1       
  -1.3e-06 
   0.00013 
   7.4e-05 

XPOS
   0         0         0       
  -2.9e-05   4.2e-05   0.012   

XQUAT
   1         0         0         0       
   1         8.5e-06   0.00014   7.4e-05 

XMAT
   1         0         0         0         1         0         0         0         1       
   1        -0.00015   0.00028   0.00015   1        -1.7e-05  -0.00028   1.7e-05   1       

XIPOS
   0         0         0       
  -2.9e-05   4.2e-05   0.012   

XIMAT
   1         0         0         0         1         0         0         0         1       
   1        -0.00015   0.00028   0.00015   1        -1.7e-05  -0.00028   1.7e-05   1       

XANCHOR
  -2.9e-05   4.2e-05   0.012   

XAXIS
   0         0         1       

GEOM_XPOS
   0         0         0       
  -0.00048  -0.00092   0.025   
  -2.6e-05   4.2e-05   0.024   
  -2.7e-05   4.2e-05   0.022   
  -2.7e-05   4.2e-05   0.02    
  -0.00067  -0.00066   0.015   
  -0.00041  -0.00049   0.019   
  -0.0011   -0.0011    0.011   
   0.033    -0.034     0.011   
   0.033     0.031     0.025   
   0.033     0.033     0.013   
  -0.032     0.032     0.012   
  -0.033    -0.034     0.012   
  -0.011     0.00065   0.026   
  -0.033     0.032     0.024   
  -0.009    -9.5e-05   0.018   
  -0.037     0.033     0.01    
  -0.0036   -0.0004    0.019   
  -0.034    -0.033     0.024   
  -0.015     0.00027   0.015   
  -0.0013    0.00028   0.024   
   0.021    -0.022     0.014   
   0.022     0.022     0.014   
   0.0058   -0.013     0.019   
  -0.023    -0.023     0.014   
   0.014    -0.00023   0.015   
  -0.023    -0.043     0.025   
  -0.046     0.025     0.025   
   0.0093    7e-05     0.021   
   0.022    -0.044     0.026   
  -0.037    -0.034     0.0099  
   0.04     -0.026     0.025   
  -0.02      0.039     0.025   
  -0.023     0.021     0.014   
   0.031    -0.034     0.023   
  -0.044    -0.023     0.025   
   0.0052    0.013     0.019   
   0.013     4.4e-05   0.024   
  -0.034     0.031     0.0076  
   0.0028    0.00051   0.019   

GEOM_XMAT
   1         0         0         0         1         0         0         0         1       
   0.00045   0.044     1        -2.9e-05  -1         0.044     1        -4.8e-05  -0.00045 
   0.00028   0.00015   1        -1.7e-05  -1         0.00015   1        -1.7e-05  -0.00028 
  -0.00015   0.00024   1         1        -1.7e-05   0.00015   1.7e-05   1        -0.00024 
   0.00028  -1         0.00015  -1.7e-05  -0.00015  -1         1         0.00028  -1.7e-05 
   0.00028   0.004     1        -1.7e-05  -1         0.004     1        -1.8e-05  -0.00028 
  -0.0095   -0.0029    1         0.0032   -1        -0.0029    1         0.0032    0.0095  
  -0.00071  -0.71      0.71     -0.001    -0.71     -0.71      1        -0.0012   -0.00021 
   0.6      -0.79     -0.17      0.8       0.58      0.16     -0.028    -0.23      0.97    
  -0.0051   -0.59      0.81     -0.0098   -0.81     -0.59      1        -0.011    -0.0017  
  -0.56     -0.82     -0.1       0.83     -0.55     -0.11      0.03     -0.15      0.99    
   0.94     -0.31      0.1       0.33      0.89     -0.31      0.0045    0.33      0.95    
   0.8       0.6       0.063    -0.6       0.79      0.16      0.046    -0.17      0.99    
   1         0.057    -0.0051   -0.0063    0.02     -1        -0.057     1         0.021   
  -0.6      -0.024     0.8       0.8       0.02      0.6      -0.031     1         0.0069  
   0.96      0.28     -0.00031  -0.00012  -0.00071  -1        -0.28      0.96     -0.00065 
   0.94      0.35      0.039    -0.34      0.94     -0.033    -0.048     0.017     1       
   1         0.00045   0.00052   0.00052   0.015    -1        -0.00046   1         0.015   
   0.65      0.035     0.76      0.76     -0.075    -0.64      0.034     1        -0.075   
  -0.26     -0.97      0.02      0.0038   -0.021    -1         0.97     -0.26      0.0092  
  -0.02     -1         0.028    -0.008    -0.028    -1         1        -0.021    -0.0074  
   0.69      0.21      0.69      0.67      0.18     -0.72     -0.27      0.96     -0.017   
  -0.7      -0.037     0.72      0.71      0.073     0.7      -0.078     1        -0.024   
   0.025     0.21      0.98      0.93      0.35     -0.098    -0.36      0.91     -0.19    
  -0.53      0.44      0.72      0.52     -0.49      0.7       0.66      0.75      0.031   
  -0.39     -0.92     -0.0088    0.0055    0.0072   -1         0.92     -0.39      0.0022  
  -0.24     -0.64      0.73     -0.25     -0.68     -0.69      0.94     -0.35      0.0035  
  -0.14      0.46      0.88      0.27     -0.84      0.48      0.95      0.3      -0.004   
   1         0.05      0.0013   -0.0053    0.13     -0.99     -0.05      0.99      0.13    
  -0.24      0.66      0.71      0.23     -0.67      0.7       0.94      0.33      0.012   
   0.11     -0.99      0.016     0.99      0.11     -0.014     0.012     0.017     1       
   0.17      0.67      0.72     -0.21     -0.69      0.7       0.96     -0.27      0.023   
   0.15      0.54      0.83     -0.29     -0.78      0.56      0.95     -0.32      0.043   
   0.71     -0.029     0.71      0.71      0.018    -0.71      0.0074    1         0.033   
  -0.58      0.07      0.81      0.82      0.0029    0.58      0.038     1        -0.059   
   0.24     -0.63      0.74      0.21     -0.71     -0.68      0.95      0.31     -0.034   
  -0.013     0.075     1         1        -0.096     0.02      0.097     0.99     -0.074   
   0.00028  -1         0.00015  -1.7e-05  -0.00015  -1         1         0.00028  -1.7e-05 
  -0.067    -0.1       0.99      0.084    -0.99     -0.096     0.99      0.077     0.075   
   1         0.00028   0.00015   0.00015  -1.7e-05  -1        -0.00028   1        -1.7e-05 

SITE_XPOS
  -2.9e-05   4.2e-05   0.012   
  -2.9e-05   4.2e-05   0.012   
   0.032     0.033     0.025   
   0.032    -0.032     0.025   
  -0.033    -0.032     0.025   
  -0.033     0.033     0.025   

SITE_XMAT
   1        -0.00015   0.00028   0.00015   1        -1.7e-05  -0.00028   1.7e-05   1       
   1        -0.00015   0.00028   0.00015   1        -1.7e-05  -0.00028   1.7e-05   1       
   1        -0.00015   0.00028   0.00015   1        -1.7e-05  -0.00028   1.7e-05   1       
   1        -0.00015   0.00028   0.00015   1        -1.7e-05  -0.00028   1.7e-05   1       
   1        -0.00015   0.00028   0.00015   1        -1.7e-05  -0.00028   1.7e-05   1       
   1        -0.00015   0.00028   0.00015   1        -1.7e-05  -0.00028   1.7e-05   1       

CAM_XPOS
   0.56     -0.69      0.74    
  -1         4.2e-05   0.51    

CAM_XMAT
   0.87     -0.26      0.41      0.49      0.46     -0.74     -5.6e-17   0.85      0.53    
   0         0.45     -0.89     -1         0         0         0         0.89      0.45    

LIGHT_XPOS
   0         0         1.5     

LIGHT_XDIR
   0         0        -1       

SUBTREE_COM
  -2.9e-05   4.2e-05   0.012   
  -2.9e-05   4.2e-05   0.012   

CDOF
   0         0         0         1         0         0       
   0         0         0         0         1         0       
   0         0         0         0         0         1       
   1         0.00015  -0.00028   0        -9.5e-25  -5e-25   
  -0.00015   1         1.7e-05   0         5.7e-26  -3.4e-21 
   0.00028  -1.7e-05   1        -0         3.4e-21   5.7e-26 

CINERT
   0         0         0         0         0         0         0         0         0         0       
   1.4e-05   1.4e-05   2.2e-05  -3.7e-14   2.2e-09  -1.3e-10  -1.1e-22   0         0         0.033   

ACTUATOR_LENGTH
   0       
   0       
   0       
   0       

actuator_moment
--------
 xxxxxx |
 xxxxxx |
 xxxxxx |
 xxxxxx |
--------

ACTUATOR_MOMENT
     0:  4.4e-05    1: -2.7e-06    2:  0.16       3:  0.0051     4: -0.0051     5: -0.0038  
     0:  4.4e-05    1: -2.7e-06    2:  0.16       3: -0.0051     4: -0.0051     5:  0.0038  
     0:  4.4e-05    1: -2.7e-06    2:  0.16       3: -0.0051     4:  0.0051     5: -0.0038  
     0:  4.4e-05    1: -2.7e-06    2:  0.16       3:  0.0051     4:  0.0051     5:  0.0038  

CRB
   0         0         0         0         0         0         0         0         0         0       
   1.4e-05   1.4e-05   2.2e-05  -3.7e-14   2.2e-09  -1.3e-10  -1.1e-22   0         0         0.033   

QM
   0.033   
   0         0.033   
   0         0         0.033   
   0         0         0         1.4e-05 
   0         0         0         0         1.4e-05 
   0         0         0         0         0         2.2e-05 

QLD
     0:  0.033   
     1:  0.033   
     2:  0.033   
     3:  1.4e-05 
     4:  1.4e-05 
     5:  2.2e-05 

QLDIAGINV
   30      
   30      
   30      
   7.2e+04 
   7.2e+04 
   4.6e+04 

B: body-dof matrix
--------
 xxxxxx |
 xxxxxx |
--------

B_rownnz              6 6

B_rowadr              0 6

B_colind              0 1 2 3 4 5 0 1 2 3 4 5

C: reduced dof-dof matrix
--------
 x      |
  x     |
   x    |
    x   |
     x  |
      x |
--------

C_rownnz              1 1 1 1 1 1

C_rowadr              0 1 2 3 4 5

C_colind              0 1 2 3 4 5

mapM2C                0 1 3 6 10 15

D: dof-dof matrix
--------
 Dxxxxx |
 xDxxxx |
 xxDxxx |
 xxxDxx |
 xxxxDx |
 xxxxxD |
--------

D_rownnz              6 6 6 6 6 6

D_rowadr              0 6 12 18 24 30

D_colind              0 1 2 3 4 5 0 1 2 3 4 5 0 1 2 3 4 5 0 1 2 3 4 5 0 1 2 3 4 5 0 1 2 3 4 5

mapM2D                0 2 5 9 14 20 2 1 4 8 13 19 5 4 3 7 12 18 9 8 7 6 11 17 14 13 12 11 10 16 20 19 18 17 16 15

mapD2M                0 7 6 14 13 12 21 20 19 18 28 27 26 25 24 35 34 33 32 31 30

QDERIV
     0:  0          1:  0          2:  0          3:  0          4:  0          5:  0       
     0:  0          1:  0          2:  0          3:  0          4:  0          5:  0       
     0:  0          1:  0          2:  0          3:  0          4:  0          5:  0       
     0:  0          1:  0          2:  0          3:  0          4:  0          5:  0       
     0:  0          1:  0          2:  0          3:  0          4:  0          5:  0       
     0:  0          1:  0          2:  0          3:  0          4:  0          5:  0       

QLU
     0:  0          1:  0          2:  0          3:  0          4:  0          5:  0       
     0:  0          1:  0          2:  0          3:  0          4:  0          5:  0       
     0:  0          1:  0          2:  0          3:  0          4:  0          5:  0       
     0:  0          1:  0          2:  0          3:  0          4:  0          5:  0       
     0:  0          1:  0          2:  0          3:  0          4:  0          5:  0       
     0:  0          1:  0          2:  0          3:  0          4:  0          5:  0       

CONTACT
  0:
     dim           3
     geoms         floor : 8
     exclude       0
     efc_address   0
     solref         0.02      1       
     solimp         0.9       0.95      0.001     0.5       2       
     dist          -5.3e-05 
     includemargin  0       
     pos            0.039    -0.034    -2.6e-05 
     frame          0         0         1         0         1         0        -1         0         0       
     friction       1         1         0.005     0.0001    0.0001  
     mu             1       
  1:
     dim           3
     geoms         floor : 8
     exclude       0
     efc_address   4
     solref         0.02      1       
     solimp         0.9       0.95      0.001     0.5       2       
     dist          -5.1e-05 
     includemargin  0       
     pos            0.032    -0.036    -2.5e-05 
     frame          0         0         1         0         1         0        -1         0         0       
     friction       1         1         0.005     0.0001    0.0001  
     mu             1       
  2:
     dim           3
     geoms         floor : 8
     exclude       0
     efc_address   8
     solref         0.02      1       
     solimp         0.9       0.95      0.001     0.5       2       
     dist          -5.1e-05 
     includemargin  0       
     pos            0.032    -0.04     -2.5e-05 
     frame          0         0         1         0         1         0        -1         0         0       
     friction       1         1         0.005     0.0001    0.0001  
     mu             1       
  3:
     dim           3
     geoms         floor : 10
     exclude       0
     efc_address   12
     solref         0.02      1       
     solimp         0.9       0.95      0.001     0.5       2       
     dist          -5.1e-05 
     includemargin  0       
     pos            0.038     0.032    -2.6e-05 
     frame          0         0         1         0         1         0        -1         0         0       
     friction       1         1         0.005     0.0001    0.0001  
     mu             1       
  4:
     dim           3
     geoms         floor : 10
     exclude       0
     efc_address   16
     solref         0.02      1       
     solimp         0.9       0.95      0.001     0.5       2       
     dist          -5e-05   
     includemargin  0       
     pos            0.033     0.038    -2.5e-05 
     frame          0         0         1         0         1         0        -1         0         0       
     friction       1         1         0.005     0.0001    0.0001  
     mu             1       
  5:
     dim           3
     geoms         floor : 11
     exclude       0
     efc_address   20
     solref         0.02      1       
     solimp         0.9       0.95      0.001     0.5       2       
     dist          -3.1e-05 
     includemargin  0       
     pos           -0.033     0.035    -1.6e-05 
     frame          0         0         1         0         1         0        -1         0         0       
     friction       1         1         0.005     0.0001    0.0001  
     mu             1       
  6:
     dim           3
     geoms         floor : 12
     exclude       0
     efc_address   24
     solref         0.02      1       
     solimp         0.9       0.95      0.001     0.5       2       
     dist          -3.2e-05 
     includemargin  0       
     pos           -0.033    -0.036    -1.6e-05 
     frame          0         0         1         0         1         0        -1         0         0       
     friction       1         1         0.005     0.0001    0.0001  
     mu             1       
  7:
     dim           3
     geoms         floor : 16
     exclude       0
     efc_address   28
     solref         0.02      1       
     solimp         0.9       0.95      0.001     0.5       2       
     dist          -3.1e-05 
     includemargin  0       
     pos           -0.034     0.035    -1.5e-05 
     frame          0         0         1         0         1         0        -1         0         0       
     friction       1         1         0.005     0.0001    0.0001  
     mu             1       
  8:
     dim           3
     geoms         floor : 16
     exclude       0
     efc_address   32
     solref         0.02      1       
     solimp         0.9       0.95      0.001     0.5       2       
     dist          -3e-05   
     includemargin  0       
     pos           -0.036     0.032    -1.5e-05 
     frame          0         0         1         0         1         0        -1         0         0       
     friction       1         1         0.005     0.0001    0.0001  
     mu             1       
  9:
     dim           3
     geoms         floor : 16
     exclude       0
     efc_address   36
     solref         0.02      1       
     solimp         0.9       0.95      0.001     0.5       2       
     dist          -2.9e-05 
     includemargin  0       
     pos           -0.04      0.033    -1.5e-05 
     frame          0         0         1         0         1         0        -1         0         0       
     friction       1         1         0.005     0.0001    0.0001  
     mu             1       
  10:
     dim           3
     geoms         floor : 30
     exclude       0
     efc_address   40
     solref         0.02      1       
     solimp         0.9       0.95      0.001     0.5       2       
     dist          -3.2e-05 
     includemargin  0       
     pos           -0.036    -0.034    -1.6e-05 
     frame          0         0         1         0         1         0        -1         0         0       
     friction       1         1         0.005     0.0001    0.0001  
     mu             1       
  11:
     dim           3
     geoms         floor : 30
     exclude       0
     efc_address   44
     solref         0.02      1       
     solimp         0.9       0.95      0.001     0.5       2       
     dist          -3e-05   
     includemargin  0       
     pos           -0.04     -0.034    -1.5e-05 
     frame          0         0         1         0         1         0        -1         0         0       
     friction       1         1         0.005     0.0001    0.0001  
     mu             1       

EFC_TYPE
  6
  6
  6
  6
  6
  6
  6
  6
  6
  6
  6
  6
  6
  6
  6
  6
  6
  6
  6
  6
  6
  6
  6
  6
  6
  6
  6
  6
  6
  6
  6
  6
  6
  6
  6
  6
  6
  6
  6
  6
  6
  6
  6
  6
  6
  6
  6
  6

EFC_ID
  0
  0
  0
  0
  1
  1
  1
  1
  2
  2
  2
  2
  3
  3
  3
  3
  4
  4
  4
  4
  5
  5
  5
  5
  6
  6
  6
  6
  7
  7
  7
  7
  8
  8
  8
  8
  9
  9
  9
  9
  10
  10
  10
  10
  11
  11
  11
  11

EFC_J
   0         1         1        -0.022    -0.039     0.039   
   0        -1         1        -0.047    -0.039    -0.039   
  -1         0         1        -0.034    -0.027    -0.034   
   1         0         1        -0.034    -0.052     0.034   
   0         1         1        -0.024    -0.032     0.032   
   0        -1         1        -0.049    -0.032    -0.032   
  -1         0         1        -0.036    -0.019    -0.036   
   1         0         1        -0.036    -0.044     0.036   
   0         1         1        -0.028    -0.032     0.032   
   0        -1         1        -0.053    -0.032    -0.032   
  -1         0         1        -0.04     -0.02     -0.041   
   1         0         1        -0.041    -0.045     0.04    
   0         1         1         0.045    -0.038     0.038   
   0        -1         1         0.02     -0.038    -0.038   
  -1         0         1         0.032    -0.026     0.032   
   1         0         1         0.032    -0.051    -0.032   
   0         1         1         0.051    -0.033     0.033   
   0        -1         1         0.026    -0.033    -0.033   
  -1         0         1         0.038    -0.021     0.038   
   1         0         1         0.038    -0.046    -0.038   
   0         1         1         0.048     0.033    -0.033   
   0        -1         1         0.023     0.033     0.033   
  -1         0         1         0.035     0.046     0.035   
   1         0         1         0.035     0.021    -0.035   
   0         1         1        -0.024     0.033    -0.033   
   0        -1         1        -0.049     0.033     0.033   
  -1         0         1        -0.036     0.046    -0.036   
   1         0         1        -0.036     0.021     0.036   
   0         1         1         0.047     0.034    -0.034   
   0        -1         1         0.022     0.034     0.034   
  -1         0         1         0.035     0.047     0.035   
   1         0         1         0.035     0.022    -0.035   
   0         1         1         0.044     0.036    -0.036   
   0        -1         1         0.019     0.036     0.036   
  -1         0         1         0.032     0.049     0.032   
   1         0         1         0.032     0.024    -0.032   
   0         1         1         0.046     0.04     -0.04    
   0        -1         1         0.021     0.04      0.04    
  -1         0         1         0.033     0.053     0.033   
   1         0         1         0.033     0.028    -0.033   
   0         1         1        -0.022     0.036    -0.036   
   0        -1         1        -0.047     0.036     0.036   
  -1         0         1        -0.034     0.049    -0.034   
   1         0         1        -0.034     0.024     0.034   
   0         1         1        -0.022     0.04     -0.04    
   0        -1         1        -0.047     0.04      0.04    
  -1         0         1        -0.034     0.053    -0.034   
   1         0         1        -0.034     0.028     0.034   

EFC_POS
  -5.3e-05 
  -5.3e-05 
  -5.3e-05 
  -5.3e-05 
  -5.1e-05 
  -5.1e-05 
  -5.1e-05 
  -5.1e-05 
  -5.1e-05 
  -5.1e-05 
  -5.1e-05 
  -5.1e-05 
  -5.1e-05 
  -5.1e-05 
  -5.1e-05 
  -5.1e-05 
  -5e-05   
  -5e-05   
  -5e-05   
  -5e-05   
  -3.1e-05 
  -3.1e-05 
  -3.1e-05 
  -3.1e-05 
  -3.2e-05 
  -3.2e-05 
  -3.2e-05 
  -3.2e-05 
  -3.1e-05 
  -3.1e-05 
  -3.1e-05 
  -3.1e-05 
  -3e-05   
  -3e-05   
  -3e-05   
  -3e-05   
  -2.9e-05 
  -2.9e-05 
  -2.9e-05 
  -2.9e-05 
  -3.2e-05 
  -3.2e-05 
  -3.2e-05 
  -3.2e-05 
  -3e-05   
  -3e-05   
  -3e-05   
  -3e-05   

EFC_MARGIN
   0       
   0       
   0       
   0       
   0       
   0       
   0       
   0       
   0       
   0       
   0       
   0       
   0       
   0       
   0       
   0       
   0       
   0       
   0       
   0       
   0       
   0       
   0       
   0       
   0       
   0       
   0       
   0       
   0       
   0       
   0       
   0       
   0       
   0       
   0       
   0       
   0       
   0       
   0       
   0       
   0       
   0       
   0       
   0       
   0       
   0       
   0       
   0       

EFC_FRICTIONLOSS
   0       
   0       
   0       
   0       
   0       
   0       
   0       
   0       
   0       
   0       
   0       
   0       
   0       
   0       
   0       
   0       
   0       
   0       
   0       
   0       
   0       
   0       
   0       
   0       
   0       
   0       
   0       
   0       
   0       
   0       
   0       
   0       
   0       
   0       
   0       
   0       
   0       
   0       
   0       
   0       
   0       
   0       
   0       
   0       
   0       
   0       
   0       
   0       

EFC_DIAGAPPROX
   1.2e+02 
   1.2e+02 
   1.2e+02 
   1.2e+02 
   1.2e+02 
   1.2e+02 
   1.2e+02 
   1.2e+02 
   1.2e+02 
   1.2e+02 
   1.2e+02 
   1.2e+02 
   1.2e+02 
   1.2e+02 
   1.2e+02 
   1.2e+02 
   1.2e+02 
   1.2e+02 
   1.2e+02 
   1.2e+02 
   1.2e+02 
   1.2e+02 
   1.2e+02 
   1.2e+02 
   1.2e+02 
   1.2e+02 
   1.2e+02 
   1.2e+02 
   1.2e+02 
   1.2e+02 
   1.2e+02 
   1.2e+02 
   1.2e+02 
   1.2e+02 
   1.2e+02 
   1.2e+02 
   1.2e+02 
   1.2e+02 
   1.2e+02 
   1.2e+02 
   1.2e+02 
   1.2e+02 
   1.2e+02 
   1.2e+02 
   1.2e+02 
   1.2e+02 
   1.2e+02 
   1.2e+02 

EFC_KBIP
   2.8e+03   1.1e+02   0.9      -11      
   2.8e+03   1.1e+02   0.9      -11      
   2.8e+03   1.1e+02   0.9      -11      
   2.8e+03   1.1e+02   0.9      -11      
   2.8e+03   1.1e+02   0.9      -10      
   2.8e+03   1.1e+02   0.9      -10      
   2.8e+03   1.1e+02   0.9      -10      
   2.8e+03   1.1e+02   0.9      -10      
   2.8e+03   1.1e+02   0.9      -10      
   2.8e+03   1.1e+02   0.9      -10      
   2.8e+03   1.1e+02   0.9      -10      
   2.8e+03   1.1e+02   0.9      -10      
   2.8e+03   1.1e+02   0.9      -10      
   2.8e+03   1.1e+02   0.9      -10      
   2.8e+03   1.1e+02   0.9      -10      
   2.8e+03   1.1e+02   0.9      -10      
   2.8e+03   1.1e+02   0.9      -9.9     
   2.8e+03   1.1e+02   0.9      -9.9     
   2.8e+03   1.1e+02   0.9      -9.9     
   2.8e+03   1.1e+02   0.9      -9.9     
   2.8e+03   1.1e+02   0.9      -6.2     
   2.8e+03   1.1e+02   0.9      -6.2     
   2.8e+03   1.1e+02   0.9      -6.2     
   2.8e+03   1.1e+02   0.9      -6.2     
   2.8e+03   1.1e+02   0.9      -6.5     
   2.8e+03   1.1e+02   0.9      -6.5     
   2.8e+03   1.1e+02   0.9      -6.5     
   2.8e+03   1.1e+02   0.9      -6.5     
   2.8e+03   1.1e+02   0.9      -6.2     
   2.8e+03   1.1e+02   0.9      -6.2     
   2.8e+03   1.1e+02   0.9      -6.2     
   2.8e+03   1.1e+02   0.9      -6.2     
   2.8e+03   1.1e+02   0.9      -6.1     
   2.8e+03   1.1e+02   0.9      -6.1     
   2.8e+03   1.1e+02   0.9      -6.1     
   2.8e+03   1.1e+02   0.9      -6.1     
   2.8e+03   1.1e+02   0.9      -5.9     
   2.8e+03   1.1e+02   0.9      -5.9     
   2.8e+03   1.1e+02   0.9      -5.9     
   2.8e+03   1.1e+02   0.9      -5.9     
   2.8e+03   1.1e+02   0.9      -6.3     
   2.8e+03   1.1e+02   0.9      -6.3     
   2.8e+03   1.1e+02   0.9      -6.3     
   2.8e+03   1.1e+02   0.9      -6.3     
   2.8e+03   1.1e+02   0.9      -6.1     
   2.8e+03   1.1e+02   0.9      -6.1     
   2.8e+03   1.1e+02   0.9      -6.1     
   2.8e+03   1.1e+02   0.9      -6.1     

EFC_D
   0.074   
   0.074   
   0.074   
   0.074   
   0.074   
   0.074   
   0.074   
   0.074   
   0.074   
   0.074   
   0.074   
   0.074   
   0.074   
   0.074   
   0.074   
   0.074   
   0.074   
   0.074   
   0.074   
   0.074   
   0.074   
   0.074   
   0.074   
   0.074   
   0.074   
   0.074   
   0.074   
   0.074   
   0.074   
   0.074   
   0.074   
   0.074   
   0.074   
   0.074   
   0.074   
   0.074   
   0.074   
   0.074   
   0.074   
   0.074   
   0.074   
   0.074   
   0.074   
   0.074   
   0.074   
   0.074   
   0.074   
   0.074   

EFC_R
   13      
   13      
   13      
   13      
   13      
   13      
   13      
   13      
   13      
   13      
   13      
   13      
   13      
   13      
   13      
   13      
   13      
   13      
   13      
   13      
   13      
   13      
   13      
   13      
   13      
   13      
   13      
   13      
   13      
   13      
   13      
   13      
   13      
   13      
   13      
   13      
   13      
   13      
   13      
   13      
   13      
   13      
   13      
   13      
   13      
   13      
   13      
   13      

ACTUATOR_VELOCITY
   2.7e-05 
   6.6e-05 
   2.6e-05 
  -1.3e-05 

CVEL
   0         0         0         0         0         0       
  -0.0038   -0.0039   -2e-06    -4.8e-05   4.7e-05   0.00017 

CDOF_DOT
   0         0         0         0         0         0       
   0         0         0         0         0         0       
   0         0         0         0         0         0       
  -0         0         0        -3.8e-08   0.00017  -4.7e-05 
   0        -0         0        -0.00017  -2.4e-08  -4.8e-05 
   0         0        -0         4.7e-05   4.8e-05  -1.2e-08 

QFRC_BIAS
  -3.3e-24 
  -3.3e-24 
   0.32    
   9.3e-14 
  -9.1e-14 
   2.4e-26 

QFRC_SPRING
   0       
   0       
   0       
   0       
   0       
   0       

QFRC_DAMPER
   0       
   0       
   0       
   0       
   0       
   0       

QFRC_GRAVCOMP
   0       
   0       
   0       
   0       
   0       
   0       

QFRC_FLUID
   4.4e-10 
  -4.3e-10 
  -1.6e-09 
   3.3e-11 
   3.3e-11 
   2.6e-14 

QFRC_PASSIVE
   4.4e-10 
  -4.3e-10 
  -1.6e-09 
   3.3e-11 
   3.3e-11 
   2.6e-14 

EFC_VEL
   0.00045 
   0.00045 
   0.00045 
   0.00045 
   0.00043 
   0.00043 
   0.00043 
   0.00043 
   0.00045 
   0.00045 
   0.00045 
   0.00045 
   0.00019 
   0.00019 
   0.00019 
   0.00019 
   0.00015 
   0.00015 
   0.00015 
   0.00015 
  -9.8e-05 
  -9.6e-05 
  -9.8e-05 
  -9.6e-05 
   0.00018 
   0.00018 
   0.00018 
   0.00018 
  -0.0001  
  -9.9e-05 
  -0.0001  
  -9.9e-05 
  -9.8e-05 
  -9.6e-05 
  -9.8e-05 
  -9.6e-05 
  -0.00012 
  -0.00012 
  -0.00012 
  -0.00012 
   0.00015 
   0.00016 
   0.00015 
   0.00016 
   0.00014 
   0.00014 
   0.00014 
   0.00014 

EFC_AREF
   0.084   
   0.084   
   0.084   
   0.084   
   0.081   
   0.081   
   0.081   
   0.081   
   0.08    
   0.079   
   0.08    
   0.079   
   0.11    
   0.11    
   0.11    
   0.11    
   0.11    
   0.11    
   0.11    
   0.11    
   0.088   
   0.088   
   0.088   
   0.088   
   0.062   
   0.062   
   0.062   
   0.062   
   0.088   
   0.088   
   0.088   
   0.088   
   0.086   
   0.086   
   0.086   
   0.086   
   0.085   
   0.085   
   0.085   
   0.085   
   0.062   
   0.062   
   0.062   
   0.062   
   0.061   
   0.061   
   0.061   
   0.061   

SUBTREE_LINVEL
   0         0         0       
   0         0         0       

SUBTREE_ANGMOM
   0         0         0       
   0         0         0       

ACTUATOR_FORCE
   0       
   0       
   0       
   0       

QFRC_ACTUATOR
   0       
   0       
   0       
   0       
   0       
   0       

QFRC_SMOOTH
   4.4e-10 
  -4.3e-10 
  -0.32    
   3.2e-11 
   3.3e-11 
   2.6e-14 

QACC_SMOOTH
   1.3e-08 
  -1.3e-08 
  -9.8     
   2.3e-06 
   2.4e-06 
   1.2e-09 

EFC_B
  -9.9     
  -9.9     
  -9.9     
  -9.9     
  -9.9     
  -9.9     
  -9.9     
  -9.9     
  -9.9     
  -9.9     
  -9.9     
  -9.9     
  -9.9     
  -9.9     
  -9.9     
  -9.9     
  -9.9     
  -9.9     
  -9.9     
  -9.9     
  -9.9     
  -9.9     
  -9.9     
  -9.9     
  -9.9     
  -9.9     
  -9.9     
  -9.9     
  -9.9     
  -9.9     
  -9.9     
  -9.9     
  -9.9     
  -9.9     
  -9.9     
  -9.9     
  -9.9     
  -9.9     
  -9.9     
  -9.9     
  -9.9     
  -9.9     
  -9.9     
  -9.9     
  -9.9     
  -9.9     
  -9.9     
  -9.9     

EFC_FORCE
   0.0081  
   0.0081  
   0.0081  
   0.0081  
   0.0078  
   0.0078  
   0.0078  
   0.0078  
   0.0078  
   0.0078  
   0.0078  
   0.0078  
   0.0088  
   0.0088  
   0.0088  
   0.0088  
   0.0086  
   0.0087  
   0.0086  
   0.0087  
   0.0061  
   0.0061  
   0.0061  
   0.0061  
   0.0053  
   0.0054  
   0.0053  
   0.0054  
   0.0061  
   0.0061  
   0.0061  
   0.0061  
   0.006   
   0.006   
   0.006   
   0.006   
   0.0059  
   0.0059  
   0.0059  
   0.0059  
   0.0053  
   0.0053  
   0.0053  
   0.0053  
   0.0051  
   0.0051  
   0.0051  
   0.0051  

EFC_STATE
  1
  1
  1
  1
  1
  1
  1
  1
  1
  1
  1
  1
  1
  1
  1
  1
  1
  1
  1
  1
  1
  1
  1
  1
  1
  1
  1
  1
  1
  1
  1
  1
  1
  1
  1
  1
  1
  1
  1
  1
  1
  1
  1
  1
  1
  1
  1
  1

QFRC_CONSTRAINT
   8.5e-05 
  -8.3e-05 
   0.32    
   3e-06   
   3e-06   
   9.1e-09 

QFRC_INVERSE
   0       
   0       
   0       
   0       
   0       
   0       

CACC
   0         0         0        -0        -0         9.8     
   0.77      0.78      0.0005    0.0096   -0.0094    9.8     

CFRC_INT
  -1e-12    -9.9e-13  -9.8e-15  -1e-11     1e-11     4.3e-11 
  -1e-12    -9.9e-13  -9.8e-15  -1e-11     1e-11     4.3e-11 

CFRC_EXT
   0         0         0         0         0         0       
   1.1e-05   1.1e-05   1.3e-08   0.00032  -0.00031   0.32    

